50 50
7 16 20 20 19 15 11 13 16 20 11 6 18 9 16 3 9 16 18 13 17 7 10 14 11 5 3 15 12 20 10 3 10 3 9 10 16 14 20 1 7 2 20 11 13 14 20 11 15 2 
35 42 20 5 44 18 13 30 26 22 27 32 12 48 4 10 2 50 11 31 41 37 29 43 1 9 39 34 40 16 3 21 15 24 46 14 
34 11 21 32 4 27 41 17 15 46 44 39 5 16 12 7 40 47 24 35 49 23 2 28 3 34 22 45 43 30 6 38 18 31 20 
34 10 21 42 40 4 28 22 12 44 20 48 41 24 17 50 2 27 7 43 15 26 46 8 6 31 34 11 36 32 35 9 1 5 29 
34 45 10 21 3 7 44 29 6 9 30 14 20 28 1 12 11 4 31 26 39 37 19 47 40 5 35 38 15 50 46 24 8 16 41 
35 9 11 5 29 37 27 17 39 12 45 28 41 36 25 23 26 14 30 31 7 24 34 3 33 49 2 18 46 19 50 22 4 8 48 15 
34 4 37 2 27 1 16 13 45 30 6 44 46 15 8 5 19 7 29 34 40 14 17 21 25 48 9 33 20 12 3 10 11 39 41 
34 15 23 27 33 24 18 20 47 13 19 7 8 1 49 4 14 26 29 34 38 21 40 46 12 25 37 48 11 16 50 17 41 36 43 
35 22 29 39 5 4 24 23 40 31 20 50 45 43 47 1 35 11 30 49 7 41 38 37 48 44 14 33 8 46 21 25 34 12 17 3 
34 12 47 43 17 39 37 31 35 25 30 2 24 48 38 8 44 28 46 49 6 18 26 27 3 14 11 42 50 7 15 16 33 36 32 
34 6 31 49 3 26 20 21 38 40 41 22 25 7 33 10 28 34 15 35 24 2 14 9 37 5 43 30 50 46 17 29 23 32 12 
35 26 46 8 13 24 21 41 6 11 43 35 29 2 12 3 1 27 39 33 22 23 9 50 28 45 4 42 49 16 48 15 20 38 10 17 
34 1 41 30 35 20 33 2 6 18 31 13 46 12 17 16 25 8 47 36 24 14 43 23 4 37 11 19 45 38 50 34 44 28 10 
34 34 12 14 25 38 3 44 29 13 36 18 46 43 49 28 47 9 31 50 27 26 48 20 39 15 1 16 19 22 6 5 8 35 37 
34 4 14 3 35 9 20 44 24 48 30 19 12 18 25 23 8 36 38 33 26 16 49 21 22 31 42 27 32 11 6 13 41 2 43 
34 32 49 36 48 21 42 12 28 37 9 20 26 8 23 11 17 34 24 16 3 50 2 10 7 22 47 14 1 18 29 39 13 46 19 
35 28 17 36 37 20 46 12 3 13 4 40 7 43 49 39 30 50 22 27 19 25 26 14 29 11 35 44 45 38 5 33 9 24 21 31 
34 19 32 5 40 21 36 24 37 27 38 18 11 23 47 48 35 42 9 41 31 30 2 7 20 17 3 10 1 22 6 13 46 4 15 
34 1 2 14 46 27 39 6 41 19 18 11 34 22 23 48 43 12 17 4 9 8 47 40 29 10 38 35 33 37 31 24 25 3 13 
34 47 9 4 2 41 33 21 23 46 50 14 15 38 13 49 24 40 17 27 1 10 8 36 29 22 26 19 45 30 48 28 16 12 18 
34 39 27 4 10 47 38 16 6 1 13 35 9 14 15 44 31 49 30 48 43 2 24 36 11 25 28 45 7 33 50 5 8 17 23 
34 27 36 12 35 16 33 17 44 21 8 46 42 39 50 24 19 34 25 5 41 32 26 14 15 9 28 7 40 48 3 43 45 2 23 
35 9 35 6 37 28 49 34 11 7 36 22 2 3 1 38 15 23 46 41 5 25 29 48 8 42 12 4 31 26 32 18 10 47 20 40 
33 32 38 46 23 12 19 1 21 24 22 47 33 18 11 9 3 39 40 7 26 41 5 15 17 49 48 2 42 43 20 35 34 31 
34 36 47 23 13 18 10 34 3 1 21 27 44 2 14 22 33 9 15 20 19 30 42 24 12 4 32 31 45 8 28 26 37 16 38 
34 42 7 15 13 26 5 25 43 3 10 2 30 48 14 9 34 32 46 31 22 36 1 40 47 19 50 27 38 11 35 8 12 29 17 
35 7 41 40 1 11 20 4 37 42 24 39 38 16 6 2 33 29 15 30 21 43 47 26 5 49 14 25 9 18 36 17 35 50 10 13 
34 42 21 10 41 33 14 6 5 7 22 11 49 2 48 38 30 29 45 44 35 24 23 31 17 39 3 12 50 47 13 34 19 18 9 
35 50 5 43 28 14 47 13 24 32 33 6 20 7 25 15 45 26 36 23 30 18 37 4 42 11 8 31 39 44 17 10 19 1 9 38 
34 11 19 40 41 30 10 9 29 15 42 33 27 12 46 24 18 16 31 26 38 35 8 50 13 44 20 49 5 39 25 17 2 7 43 
35 43 2 1 27 18 25 31 49 50 6 30 16 12 36 3 46 45 10 40 34 15 11 29 44 17 4 23 41 14 8 39 33 13 28 5 
34 42 21 26 17 28 25 11 33 49 15 16 23 39 18 45 3 29 27 38 8 19 50 4 7 47 2 40 14 32 36 20 34 13 5 
35 3 33 38 30 10 48 39 12 23 19 40 29 41 44 13 47 8 49 6 4 9 46 14 24 2 20 37 18 25 17 50 15 35 11 16 
34 18 50 31 8 47 25 34 5 44 30 45 9 32 37 7 10 48 11 24 26 40 1 49 46 15 38 19 17 22 39 27 21 23 16 
34 48 38 25 36 18 3 35 42 19 21 50 9 43 45 40 4 14 2 22 46 32 26 28 29 47 6 13 30 41 34 39 20 27 24 
35 46 38 5 14 18 3 29 7 43 1 33 32 2 11 30 50 35 6 39 22 49 36 13 15 26 8 25 44 24 41 23 40 9 17 37 
34 42 5 11 7 27 35 28 44 29 10 32 25 39 31 46 9 13 21 19 12 43 45 40 22 49 16 50 24 23 26 18 2 33 8 
35 23 44 14 26 11 37 42 17 29 35 5 36 6 10 18 45 39 20 8 19 30 9 49 25 12 21 38 24 16 50 4 3 31 33 32 
35 38 14 15 12 5 46 40 16 33 20 2 7 23 27 6 39 47 19 49 21 10 44 36 45 50 22 31 32 28 9 1 30 11 26 29 
35 19 48 47 44 11 17 37 46 45 38 39 28 42 24 10 30 14 18 4 9 34 25 8 41 50 36 27 6 20 1 23 3 31 43 21 
35 17 13 31 15 5 40 20 49 1 8 27 28 42 33 12 4 43 44 22 30 6 32 34 7 47 18 3 26 38 39 29 48 16 23 24 
34 42 17 8 43 27 12 19 31 10 9 24 34 4 3 39 25 2 38 13 5 7 48 11 32 30 33 36 18 22 49 23 35 40 16 
34 43 18 2 35 21 6 7 29 20 30 45 17 5 12 34 39 38 32 3 23 13 8 26 47 15 46 14 19 42 27 10 1 37 33 
34 42 15 32 19 23 12 16 27 45 26 17 38 47 31 21 46 9 43 22 24 13 11 8 30 28 33 7 6 40 34 1 29 39 20 
34 44 41 31 10 43 24 38 46 27 49 15 45 3 2 35 40 4 6 30 12 13 5 17 33 29 9 37 34 25 22 16 20 23 28 
35 48 1 31 46 24 26 10 13 21 23 42 4 32 16 34 45 12 49 18 8 15 7 27 29 17 30 9 20 50 43 44 3 41 14 28 
34 27 3 6 4 36 18 25 34 5 20 43 41 48 13 12 2 31 37 26 44 49 28 7 15 47 33 10 1 50 11 39 38 30 46 
34 49 23 48 37 34 32 7 33 24 50 45 20 25 9 10 5 36 44 35 11 30 16 8 19 22 15 46 4 27 39 47 1 26 14 
34 24 15 4 8 38 14 34 13 29 25 33 28 9 3 44 39 32 20 40 35 36 22 49 26 7 19 37 31 12 42 30 47 23 1 
34 47 26 33 10 29 30 48 20 19 11 35 41 2 36 23 50 12 22 46 49 42 9 7 37 39 17 13 21 25 15 38 4 18 44 
35 40 23 45 15 30 48 12 18 27 11 9 22 34 38 26 5 39 33 19 17 50 16 35 46 25 13 8 1 36 24 3 10 6 31 29 
