40 40
6 7 4 16 14 13 4 15 9 6 2 20 12 19 12 11 10 17 16 14 14 16 10 15 3 18 17 4 3 15 8 16 10 4 18 7 10 18 1 17 
8 9 17 25 24 10 34 38 32 
8 35 3 17 8 2 27 40 23 
8 23 19 24 11 32 15 36 1 
8 14 34 37 32 3 2 6 25 
8 33 15 26 2 7 27 8 28 
8 40 24 35 16 25 23 1 14 
7 9 20 38 14 21 35 39 
8 13 25 39 1 17 2 32 27 
7 38 23 1 6 4 34 18 
7 4 15 13 24 31 25 21 
8 3 31 24 39 36 26 14 17 
7 14 5 7 28 2 11 15 
7 4 9 35 31 24 25 38 
7 35 12 9 11 40 1 18 
8 15 3 9 5 31 24 40 23 
7 22 31 26 6 14 28 37 
8 28 38 16 14 40 35 36 24 
7 38 1 4 37 5 26 7 
7 22 17 20 5 32 36 15 
8 31 32 8 36 28 23 15 37 
7 5 7 17 39 33 1 37 
7 33 39 7 28 21 31 23 
7 37 3 30 36 9 19 13 
7 21 27 23 30 35 33 20 
7 31 11 16 22 29 24 15 
8 18 36 19 4 7 37 9 12 
8 35 26 24 37 30 23 21 15 
7 4 21 7 25 12 38 26 
7 5 10 6 34 29 40 1 
7 39 2 21 40 5 23 26 
8 27 26 24 9 12 14 20 16 
8 12 7 21 1 24 8 28 10 
7 25 39 30 11 32 24 7 
8 2 19 37 40 9 13 22 30 
8 16 24 19 21 40 20 9 11 
7 39 12 19 37 1 21 18 
8 4 34 25 18 24 16 36 12 
8 25 28 8 32 27 10 23 17 
7 29 38 15 23 19 33 32 
8 5 23 21 6 22 34 19 16 
