40 40
2 9 14 15 10 16 17 11 15 19 13 2 1 11 17 18 14 5 11 11 17 20 13 7 6 19 15 16 15 11 4 8 16 13 5 8 10 13 2 12 
19 24 19 17 34 14 8 40 7 35 30 27 26 12 6 33 22 31 16 29 
19 7 16 19 30 5 9 17 21 4 26 28 38 2 18 35 25 40 29 15 
20 12 6 15 21 37 23 7 22 5 18 1 8 17 31 33 14 29 39 25 28 
19 34 32 4 38 17 16 2 40 31 22 26 13 28 12 11 7 8 10 1 
19 25 16 21 40 7 22 39 9 38 8 20 24 2 14 32 17 13 26 12 
20 21 19 38 4 28 2 7 13 8 27 33 6 22 34 35 5 18 10 25 30 
20 40 6 24 9 20 36 39 25 34 38 14 8 23 18 29 26 32 35 30 37 
19 27 31 40 21 26 23 24 35 33 20 8 39 28 16 36 38 34 29 1 
20 12 33 16 9 1 14 3 34 6 28 25 32 19 29 39 35 24 38 40 2 
20 34 9 11 37 20 25 17 33 36 24 21 38 13 14 8 10 15 31 18 16 
20 9 16 28 21 17 15 38 26 24 6 40 3 39 37 7 10 23 32 4 35 
19 40 26 10 30 15 3 5 1 28 14 33 21 29 25 23 27 7 31 11 
20 23 15 40 1 8 27 6 31 33 18 25 38 9 21 36 30 29 39 37 35 
19 16 29 1 27 9 15 13 38 7 12 10 34 14 11 20 37 30 6 2 
20 3 20 36 11 7 13 24 4 8 6 39 33 30 32 17 1 25 19 35 18 
19 3 25 32 27 7 29 35 14 30 13 37 26 8 36 21 34 12 4 1 
20 13 23 12 9 14 2 3 37 24 1 7 11 30 21 16 31 28 20 17 6 
19 37 23 19 25 33 39 28 9 15 38 3 31 26 40 6 18 36 5 7 
19 37 2 28 5 7 27 19 40 12 18 14 36 39 24 31 34 4 8 35 
19 10 11 24 12 22 38 3 21 33 6 14 13 9 32 20 37 2 39 31 
19 24 16 15 31 5 12 13 28 1 21 23 25 36 29 32 22 8 3 6 
19 5 37 23 28 29 25 31 32 36 13 11 38 34 27 1 14 24 19 16 
20 9 31 39 13 27 6 17 38 33 26 1 22 2 5 14 20 28 16 36 25 
20 33 18 22 38 7 19 25 4 1 5 29 20 39 2 11 40 6 35 9 27 
20 19 23 6 27 35 1 34 36 16 22 5 12 9 17 10 33 29 15 39 24 
19 21 22 11 15 33 20 6 17 7 38 2 9 19 8 3 10 1 31 5 
20 2 29 12 3 24 16 39 35 7 19 23 5 4 21 22 31 11 25 13 40 
20 6 25 11 28 23 38 34 31 40 30 15 39 24 13 7 16 2 33 26 29 
19 22 4 34 32 21 14 36 25 33 1 24 30 18 7 28 15 38 35 8 
19 7 13 24 37 3 28 26 18 10 36 33 25 8 17 32 4 23 21 35 
20 37 35 27 36 9 22 6 24 7 18 21 4 1 16 20 23 33 5 12 3 
19 12 30 1 20 33 8 4 22 17 10 24 32 13 9 2 31 23 29 16 
19 27 39 20 23 14 37 28 36 38 2 4 30 24 26 34 32 16 10 35 
20 7 26 32 39 37 1 6 33 4 27 40 28 14 13 23 29 20 18 31 5 
19 8 23 5 25 17 18 12 9 2 13 19 11 16 6 30 14 32 40 27 
20 23 26 2 28 9 25 35 24 39 1 13 29 15 4 18 34 33 17 20 37 
20 23 1 36 3 25 2 6 40 30 26 11 29 32 33 27 20 9 34 7 19 
19 30 18 5 1 2 8 17 22 4 7 10 16 3 27 40 37 15 38 14 
20 7 23 24 13 31 5 3 25 29 16 26 6 11 30 4 15 22 19 34 12 
20 21 29 10 27 12 4 24 14 28 19 32 36 34 40 20 3 17 8 7 16 
