40 40
12 11 6 13 15 15 12 11 8 2 12 16 12 5 18 9 10 5 14 10 7 19 15 3 16 6 20 11 15 3 16 13 13 12 14 13 8 20 9 14 
16 40 31 32 17 24 18 1 28 38 39 34 15 21 8 10 29 
16 34 37 1 17 14 15 31 29 26 13 11 16 8 36 21 6 
16 13 18 24 15 11 5 32 37 21 14 34 29 38 12 36 2 
15 16 24 13 17 11 5 32 12 25 20 15 31 3 34 27 
15 22 27 1 2 35 18 37 14 36 10 23 15 16 25 38 
16 16 27 22 13 20 2 21 37 10 31 4 11 34 6 8 24 
16 11 37 6 19 29 15 17 4 18 1 10 38 3 23 36 27 
16 28 38 13 9 1 33 24 22 14 10 34 6 18 30 32 40 
16 7 28 16 18 5 3 4 26 9 2 27 29 34 13 17 11 
16 2 20 18 11 9 5 31 36 4 25 26 1 12 3 13 28 
15 27 37 16 24 4 40 36 35 31 33 6 17 28 21 2 
16 2 32 30 31 5 19 8 20 10 34 7 36 28 33 25 29 
15 8 1 31 10 37 25 39 2 35 34 18 11 3 4 29 
15 2 22 31 37 39 13 36 20 6 32 29 25 23 4 21 
15 14 40 30 9 39 3 5 12 16 25 38 35 8 1 32 
16 7 1 24 13 22 26 39 27 38 10 19 33 32 12 18 28 
16 17 38 22 28 10 23 3 7 15 12 33 26 24 36 8 30 
16 4 2 9 3 16 36 5 1 28 12 32 24 7 23 22 37 
16 12 16 31 30 19 29 25 1 23 36 37 11 33 9 35 3 
16 26 14 38 4 39 23 32 36 6 7 25 19 40 24 34 16 
16 37 16 31 20 24 35 10 36 22 34 13 6 19 14 40 23 
15 31 4 16 10 11 34 26 8 32 33 21 3 5 9 15 
15 20 3 15 27 39 8 16 4 14 13 10 17 9 37 35 
16 27 25 40 29 8 1 26 5 3 35 38 17 16 32 33 19 
15 29 5 1 13 6 3 4 16 32 33 24 15 39 2 38 
15 17 38 20 26 32 16 35 11 12 31 27 22 13 37 5 
15 19 2 36 5 23 24 35 38 7 13 6 12 21 28 4 
16 18 12 14 20 21 24 11 23 39 38 27 8 3 40 29 33 
16 8 24 13 38 16 22 19 3 29 25 39 6 2 37 11 18 
15 7 12 8 22 29 3 14 6 40 36 27 16 19 32 26 
16 35 18 30 36 3 2 29 39 8 28 13 26 19 17 1 27 
16 19 1 28 31 4 20 37 25 11 39 7 34 21 29 12 36 
16 31 23 9 37 35 3 32 11 7 27 19 21 25 29 16 33 
16 15 9 33 30 4 29 35 3 18 27 12 21 40 11 13 38 
16 14 5 7 29 34 15 24 1 33 8 39 13 3 31 26 19 
15 37 11 15 39 1 3 24 29 21 36 32 30 13 31 19 
16 9 2 16 38 30 25 29 39 1 40 13 17 21 4 8 3 
16 3 33 1 25 37 26 34 35 27 17 14 7 22 20 31 8 
15 24 40 19 27 16 37 22 26 23 38 7 35 20 12 29 
15 32 18 17 33 25 19 27 20 11 10 2 14 26 30 28 
