40 40
10 8 20 7 16 18 10 14 20 18 1 11 6 8 12 17 18 3 14 12 10 10 18 3 11 15 11 17 16 6 15 13 4 13 1 5 15 18 5 9 
3 14 35 38 
3 12 22 16 
4 29 20 36 35 
3 24 13 30 
3 16 24 19 
4 24 19 6 30 
3 40 21 27 
3 33 27 11 
4 5 22 17 32 
3 14 31 29 
4 2 32 16 27 
4 30 21 20 18 
3 7 5 32 
3 31 6 34 
3 3 9 34 
3 6 3 4 
3 29 31 20 
4 28 38 14 25 
3 3 4 18 
3 16 24 34 
4 12 16 5 28 
4 26 27 15 20 
3 36 26 14 
3 25 33 21 
4 38 35 9 26 
3 39 16 29 
3 33 7 17 
3 8 34 40 
4 7 27 26 33 
4 13 36 37 10 
3 36 6 34 
3 13 16 31 
4 36 4 6 1 
3 32 30 26 
4 12 23 20 16 
4 36 37 35 22 
3 11 1 28 
4 25 23 4 28 
4 9 8 31 35 
4 9 4 32 21 
