40 40
16 11 17 15 15 16 10 15 11 20 13 14 11 10 14 20 20 11 13 2 7 3 1 2 10 9 17 8 4 11 5 1 16 5 5 3 15 6 17 11 
27 34 11 6 29 30 25 40 3 27 24 31 4 7 18 38 16 12 10 28 20 35 17 9 22 21 2 37 
27 17 8 15 12 25 30 32 19 21 4 20 23 7 27 11 18 22 26 10 34 35 36 16 24 5 38 28 
28 15 11 22 39 18 1 12 38 8 10 29 20 6 33 40 19 27 31 34 23 9 4 5 3 16 30 32 36 
28 24 25 29 22 34 30 31 28 5 9 38 26 18 13 32 27 35 6 10 12 1 3 21 33 2 8 4 17 
27 32 29 25 21 24 16 11 28 30 6 22 17 13 23 14 4 36 8 20 12 5 33 2 9 31 35 1 
28 13 39 26 5 24 15 23 11 32 14 35 20 31 9 30 21 3 2 34 25 18 37 36 16 8 6 22 10 
27 15 28 12 6 25 24 18 20 2 17 3 26 30 35 38 19 39 9 13 23 5 31 36 40 32 21 7 
28 3 18 32 38 28 20 40 27 36 21 19 8 10 33 14 37 5 39 26 25 29 2 22 7 1 16 30 15 
28 31 10 32 4 3 1 27 20 13 28 21 18 9 29 23 25 19 33 36 38 37 24 8 30 14 26 7 5 
27 30 7 10 25 6 3 5 38 1 36 21 29 12 26 11 20 27 35 31 18 40 9 14 13 2 33 39 
27 17 28 27 15 25 21 2 37 8 35 33 31 5 3 12 26 18 40 22 11 14 9 24 23 20 29 13 
28 23 38 34 25 33 19 6 35 37 22 17 4 15 30 40 14 27 26 24 20 2 36 21 29 10 12 32 18 
27 35 9 13 23 29 18 40 26 33 31 21 11 3 4 25 1 30 12 14 5 34 15 2 37 36 10 16 
27 26 28 4 38 16 18 32 37 3 29 8 33 7 17 15 27 25 23 24 22 35 11 10 20 31 1 12 
27 6 1 27 26 36 33 18 19 40 32 11 10 9 38 22 21 7 2 37 23 15 35 3 16 13 31 20 
27 2 27 28 30 37 38 21 33 40 7 1 34 13 20 32 16 26 9 35 23 31 14 11 4 36 39 3 
27 26 14 8 32 31 17 25 7 18 33 28 29 27 36 39 5 15 24 13 34 3 2 40 37 22 11 20 
27 1 31 29 2 12 22 38 33 37 14 17 16 6 21 32 34 28 40 9 10 19 18 30 20 11 3 8 
27 30 15 9 11 2 29 19 13 5 38 32 33 16 17 28 40 1 10 6 27 39 23 12 25 34 22 24 
27 21 31 30 20 14 23 39 32 1 6 4 22 19 17 13 29 10 15 12 8 25 16 40 5 38 33 34 
28 25 21 9 34 22 16 17 20 19 2 30 1 37 26 10 38 12 4 40 36 39 23 29 14 27 8 24 32 
28 13 1 27 21 24 26 37 28 9 40 20 8 38 22 32 25 36 5 11 14 4 23 15 39 10 2 17 19 
27 38 14 10 18 36 33 15 39 21 19 2 25 17 22 7 35 31 16 6 37 11 23 20 34 3 27 30 
28 16 3 14 13 5 24 22 7 26 35 8 25 32 12 37 10 29 28 1 18 34 17 30 33 19 23 2 27 
27 12 32 28 2 15 36 33 16 39 18 26 11 6 14 21 35 29 22 10 27 19 40 37 38 31 1 9 
27 34 3 7 26 39 2 4 37 22 13 24 27 8 32 30 20 6 10 29 40 18 38 9 25 15 12 14 
28 13 25 1 21 4 23 40 28 30 20 26 10 39 3 7 2 27 19 33 9 11 37 12 31 16 34 15 5 
28 22 6 3 16 31 32 7 18 28 40 36 17 5 30 8 35 21 19 4 39 23 33 20 34 37 27 13 2 
27 17 38 11 8 29 9 37 18 30 24 39 25 19 36 5 21 40 26 2 12 34 16 15 1 7 32 6 
28 23 33 9 29 35 1 12 6 37 22 19 32 17 2 28 40 13 11 38 34 26 18 15 14 39 21 16 30 
28 31 9 40 19 20 32 2 34 37 28 1 23 29 16 30 38 10 33 36 35 26 6 7 8 18 3 5 39 
27 36 15 25 27 38 16 20 26 34 10 37 2 39 24 35 23 6 19 33 13 28 11 22 1 32 40 12 
27 14 1 31 7 3 22 2 29 39 8 9 35 23 37 19 38 27 15 6 21 10 24 5 34 30 16 12 
28 11 5 17 10 24 9 4 22 14 38 16 40 34 30 36 21 8 6 35 33 23 31 27 3 7 15 25 29 
28 37 19 22 30 21 25 38 8 14 39 4 11 36 33 35 7 28 29 10 23 15 34 13 20 9 5 17 2 
27 29 31 32 7 5 1 19 10 38 23 13 27 14 22 40 36 16 30 17 12 18 35 2 11 9 15 39 
28 37 6 31 39 7 15 9 29 8 17 27 22 11 4 26 40 30 34 35 24 38 13 28 33 3 10 19 14 
28 38 5 31 40 33 6 15 36 19 29 1 25 21 22 28 4 9 18 34 39 27 2 20 11 12 17 32 14 
28 39 27 12 4 26 10 16 11 9 7 20 6 3 37 15 8 5 13 29 38 25 2 31 40 34 17 28 32 
28 29 5 14 18 6 39 19 12 13 20 33 4 31 27 36 21 17 7 16 40 38 28 32 35 9 24 23 10 
