40 40
11 4 16 12 16 17 8 1 13 12 1 20 7 13 12 11 6 12 1 15 14 7 5 12 17 13 20 10 12 15 12 3 10 6 10 2 8 2 12 17 
31 10 25 14 33 34 1 36 31 39 12 23 8 28 38 13 16 18 2 40 21 24 15 29 7 3 30 32 37 17 4 11 
31 39 2 32 15 1 30 38 7 5 31 25 3 16 9 10 27 40 4 34 17 18 21 37 20 12 28 19 14 26 13 29 
31 24 35 14 30 16 20 37 27 3 19 6 7 28 31 15 29 5 11 10 40 4 38 18 26 34 23 21 12 13 36 8 
32 34 16 23 7 11 22 13 30 36 32 31 19 3 27 20 12 39 14 15 40 5 37 25 10 6 35 29 28 17 2 24 8 
32 7 33 24 4 36 23 31 32 37 21 2 18 17 10 12 16 11 13 6 27 35 1 20 26 38 25 22 9 19 29 30 34 
32 35 22 27 32 6 21 33 7 16 15 1 38 13 24 23 2 31 10 20 17 8 18 5 14 19 11 12 36 4 37 29 26 
32 9 8 32 5 18 21 17 23 2 38 16 25 28 6 36 1 33 11 19 26 30 22 24 10 20 12 29 3 34 13 27 15 
31 23 37 5 33 32 21 29 7 8 38 30 9 11 22 17 40 3 20 4 24 10 26 35 13 15 14 19 31 34 36 16 
32 7 25 10 3 15 24 5 21 36 19 38 28 2 1 12 40 39 16 13 33 9 29 32 31 14 26 18 22 20 6 17 37 
32 19 16 37 21 22 17 26 36 13 3 20 24 25 4 31 8 32 10 30 1 28 29 38 39 18 27 11 33 12 40 2 35 
31 36 26 3 22 14 15 23 38 13 10 20 9 17 31 28 2 19 39 40 34 25 6 5 4 29 11 12 32 8 16 7 
31 19 30 6 36 5 14 1 33 7 17 31 28 26 27 40 29 3 38 35 12 20 39 23 32 11 18 22 4 15 10 9 
32 17 19 2 8 33 6 13 29 23 20 34 25 24 36 3 31 12 9 32 21 7 1 4 22 15 35 28 5 37 38 30 40 
31 4 23 20 27 14 34 1 21 13 26 24 10 12 3 19 38 8 39 22 16 6 5 9 11 7 35 15 33 32 25 37 
32 19 1 4 27 26 23 28 8 6 10 16 20 34 3 11 35 2 39 17 9 38 22 31 40 29 32 33 37 7 18 13 25 
31 6 20 16 10 4 32 19 13 11 21 7 33 17 34 1 22 18 30 26 2 12 39 9 8 15 37 31 3 23 24 5 
31 37 27 5 28 3 16 19 15 25 40 4 6 14 38 26 18 32 12 35 1 11 30 39 36 22 10 34 24 8 17 9 
31 37 40 10 5 22 8 29 9 21 27 18 26 17 24 11 6 33 13 30 12 20 28 36 25 34 2 16 19 31 4 1 
31 33 24 14 37 35 8 21 31 5 23 17 16 10 22 15 29 18 28 32 20 11 7 39 36 19 12 4 40 2 6 34 
32 23 4 13 21 3 31 5 14 20 29 11 27 22 17 24 2 40 36 35 28 10 37 30 19 16 1 9 12 6 38 25 15 
31 38 28 17 35 14 2 36 15 30 40 6 22 18 23 31 37 24 26 32 20 33 5 34 9 39 21 8 29 19 27 25 
32 13 17 10 3 16 40 6 25 28 22 23 39 20 1 24 14 7 37 21 30 8 33 38 15 12 29 4 19 18 9 32 35 
31 2 29 30 7 36 5 26 28 16 31 37 6 33 1 10 39 4 32 34 9 13 15 27 14 35 23 20 40 25 11 18 
31 35 25 1 37 4 39 20 7 33 9 15 10 40 22 26 16 38 30 28 5 17 14 23 24 6 27 13 3 11 32 36 
31 12 20 7 9 5 22 36 39 14 8 3 32 40 10 25 21 31 6 18 28 23 34 19 27 1 33 29 13 26 37 2 
31 11 35 24 28 26 34 31 17 3 2 23 30 10 40 4 36 37 7 13 18 25 15 8 6 14 39 29 16 33 38 27 
31 3 17 8 13 19 18 15 33 36 14 5 24 39 21 32 16 29 2 6 9 12 7 22 35 27 38 25 26 11 34 37 
32 2 11 14 40 15 23 30 33 1 7 6 34 32 37 28 5 38 9 18 39 35 10 19 8 26 12 3 16 27 25 24 21 
31 26 27 12 9 30 21 5 11 15 6 4 40 13 1 32 39 3 23 37 35 19 33 38 17 14 10 29 8 18 28 31 
31 14 26 38 1 20 5 36 10 2 33 3 4 19 29 17 9 39 13 18 23 35 37 34 31 15 32 25 27 30 40 7 
31 3 27 34 31 37 5 30 26 15 39 36 19 13 32 10 38 24 21 8 22 11 28 25 4 1 29 35 12 33 9 16 
32 6 23 15 1 11 37 2 39 31 38 36 21 3 24 25 19 10 16 4 20 9 8 29 28 22 14 33 17 12 13 30 34 
32 12 31 27 32 35 15 9 17 23 13 7 19 28 26 30 2 18 10 24 11 5 33 8 6 14 36 16 40 22 3 34 4 
32 12 1 4 24 35 3 32 37 14 38 26 10 28 30 36 8 17 29 13 9 7 20 40 19 33 34 11 15 21 18 2 5 
32 29 38 30 21 39 40 26 22 4 7 37 16 1 18 36 14 23 11 8 17 15 13 24 5 32 9 2 20 12 3 31 25 
31 4 17 18 14 10 13 35 20 9 16 22 29 8 1 30 24 15 11 12 5 26 40 33 37 31 28 2 34 25 23 21 
31 4 40 29 13 11 22 7 26 5 23 38 2 35 12 9 16 25 32 18 17 37 14 31 24 39 21 30 8 36 6 10 
32 6 11 15 32 34 38 8 22 12 31 23 4 17 28 13 29 16 26 1 2 10 19 5 3 35 21 27 14 37 25 24 40 
32 14 25 7 38 11 23 5 16 35 19 12 22 36 15 3 10 33 27 29 4 39 17 31 32 34 9 40 1 13 26 21 6 
31 23 4 24 33 16 7 2 19 40 34 28 30 18 14 26 6 8 38 39 13 35 31 11 3 21 5 36 1 17 9 10 
