40 40
9 9 10 5 12 9 12 15 14 13 10 4 13 5 17 17 7 11 13 1 2 8 11 14 12 2 8 17 14 11 8 4 20 2 4 11 5 19 18 12 
35 9 28 13 16 1 31 14 20 39 26 10 5 2 15 30 35 23 3 22 25 6 40 21 18 17 12 11 4 36 19 38 32 27 34 8 
35 32 7 1 19 37 35 20 36 23 21 30 22 24 15 16 10 34 18 27 25 2 14 28 5 4 13 33 11 6 38 31 29 39 17 12 
35 4 11 3 9 24 10 1 29 39 40 13 5 2 35 25 17 22 27 33 12 26 38 15 21 8 7 6 20 16 32 19 23 30 31 18 
36 13 3 25 36 18 34 39 8 5 22 11 33 21 26 2 20 24 15 27 10 31 40 35 1 6 38 7 23 16 9 14 4 28 17 32 12 
36 32 36 10 12 33 23 2 16 35 20 9 7 27 11 15 22 5 38 18 30 17 3 40 39 31 34 4 6 19 25 24 29 37 13 26 8 
36 21 37 22 4 33 26 38 3 25 5 13 9 19 35 40 8 16 34 6 18 23 30 11 12 24 15 27 20 1 10 32 28 36 14 7 17 
36 38 33 2 9 25 32 22 15 5 19 10 28 23 6 39 35 37 16 30 36 3 29 17 31 24 13 12 34 8 20 40 21 11 14 27 4 
36 5 28 36 20 13 16 17 25 24 18 37 15 26 30 2 27 8 29 10 38 31 11 23 22 32 33 7 19 35 40 4 34 3 6 9 39 
36 23 3 8 38 35 16 22 32 28 6 19 36 33 24 25 12 26 10 14 1 30 21 31 20 40 13 7 29 27 18 9 2 39 5 4 34 
35 3 22 13 31 25 39 6 28 34 9 5 14 21 1 12 15 19 17 18 10 4 40 33 24 32 26 27 8 20 2 29 37 7 30 11 
36 3 20 9 33 27 40 2 21 35 29 16 38 6 37 23 15 22 17 8 18 7 31 30 12 1 4 11 34 19 24 14 13 26 28 10 32 
36 15 33 25 9 8 12 21 23 19 5 31 17 6 40 20 4 7 34 22 24 14 29 1 13 39 32 3 16 38 35 30 11 2 36 18 10 
36 30 19 25 20 39 1 38 14 8 34 6 35 12 27 29 26 7 9 37 5 33 10 3 17 21 18 31 32 36 11 22 40 28 23 16 24 
36 37 19 25 12 20 16 3 21 14 26 29 27 13 2 22 34 9 40 10 28 6 35 8 30 1 7 17 24 23 31 32 36 38 15 5 4 
36 17 21 10 5 34 32 3 28 6 12 40 20 2 9 38 18 24 1 30 33 35 13 39 19 4 27 36 11 31 8 37 15 25 14 26 7 
36 32 6 37 22 21 20 26 8 16 25 1 5 9 40 13 30 31 19 18 11 24 17 7 12 38 29 3 39 14 23 36 35 4 34 28 27 
35 3 30 18 6 16 32 24 34 27 12 15 2 36 17 28 26 11 31 4 38 25 9 21 8 13 29 19 22 5 23 39 33 20 40 1 
35 1 30 38 19 39 7 4 27 34 8 13 26 32 36 22 29 9 24 15 2 33 11 25 28 20 31 37 40 16 35 3 21 12 17 14 
35 32 4 3 8 10 30 11 24 12 39 2 20 25 40 26 5 7 13 16 14 29 9 28 27 15 1 22 19 36 31 35 17 38 6 33 
35 16 25 31 8 15 3 5 7 32 18 17 21 6 11 33 35 30 23 34 26 13 10 39 22 40 37 20 36 4 2 38 29 28 14 19 
35 31 15 20 7 17 12 26 35 32 10 4 33 11 22 16 27 6 21 36 2 14 18 1 40 29 8 25 3 30 24 13 5 38 28 34 
35 28 38 6 18 5 30 11 37 40 8 27 2 36 19 14 31 15 24 7 22 39 4 29 1 26 13 21 34 17 3 16 33 35 12 32 
35 27 26 10 32 17 4 16 20 22 24 9 30 2 14 5 29 33 31 6 34 37 23 39 28 35 1 8 36 11 3 40 13 25 38 15 
36 40 28 14 19 38 22 24 16 17 26 34 36 27 30 2 37 18 35 9 4 10 39 1 5 12 32 23 6 15 8 7 11 31 21 13 29 
36 25 26 37 19 38 8 13 35 29 23 40 7 27 22 21 24 14 28 17 34 11 2 39 4 15 33 20 6 36 31 9 12 1 3 30 18 
35 10 30 9 24 21 31 36 18 12 26 8 29 37 40 7 33 35 27 4 32 25 14 6 20 22 2 38 16 34 3 13 39 15 28 1 
36 36 34 8 16 35 10 20 14 18 22 19 37 30 23 24 33 11 4 13 3 2 7 31 6 21 40 28 32 5 9 25 26 27 15 17 29 
35 4 24 20 15 12 35 23 26 8 36 16 30 25 22 7 6 19 17 31 9 39 5 10 14 28 37 33 13 40 3 27 38 1 21 32 
36 4 37 26 1 31 39 7 17 20 3 38 32 21 40 34 27 23 18 30 16 28 15 24 5 22 9 19 29 13 33 11 12 10 8 36 25 
36 16 26 5 13 10 1 20 31 21 6 7 18 12 36 27 32 3 38 34 33 23 39 30 22 4 2 11 19 24 8 25 14 9 29 35 28 
35 1 2 9 22 3 14 24 30 10 13 19 18 5 35 33 6 40 27 12 25 36 8 16 34 38 29 23 26 37 4 20 32 17 39 11 
36 17 22 31 8 16 35 21 36 2 38 33 15 39 13 7 19 9 29 37 34 18 6 20 32 23 12 26 11 14 27 1 30 25 24 4 40 
36 18 2 13 1 3 32 12 8 38 7 20 22 34 10 17 23 35 26 5 14 4 40 16 29 28 27 31 39 6 9 37 30 24 19 11 25 
36 7 20 29 10 24 21 22 30 3 5 6 15 11 2 4 32 17 26 27 8 38 39 40 37 18 28 1 31 33 19 14 25 9 13 36 12 
36 21 38 14 23 2 34 28 16 29 13 8 17 27 12 9 3 37 40 5 4 1 36 10 33 32 35 22 6 15 18 39 11 20 19 7 30 
35 2 29 7 34 14 16 10 9 23 21 33 11 17 15 27 39 13 22 8 20 5 26 37 12 18 38 19 24 35 1 25 36 3 32 4 
35 19 8 10 33 5 11 2 32 21 13 36 39 1 25 26 31 34 38 9 7 28 14 6 22 3 35 18 12 15 37 17 27 20 16 4 
37 32 9 33 13 26 29 6 40 23 25 18 31 12 19 28 39 24 30 34 22 17 20 38 16 10 4 15 2 5 7 21 11 37 27 8 36 1 
35 19 12 24 13 33 38 15 7 28 1 9 39 20 30 17 32 34 14 21 31 18 25 8 26 22 16 2 11 37 29 3 35 4 5 36 
35 5 38 28 24 18 15 33 6 13 23 21 20 19 4 22 35 32 7 16 39 9 29 27 26 12 2 8 1 36 30 25 31 17 14 40 
