40 40
16 10 8 20 7 3 1 16 17 12 16 19 16 13 7 6 10 18 2 16 6 1 1 9 20 10 11 13 20 8 3 15 6 6 3 20 10 6 5 11 
11 22 32 7 27 29 5 30 19 31 38 36 
11 36 35 22 28 15 1 10 12 13 31 23 
11 25 14 38 15 3 23 32 26 20 21 16 
12 1 10 13 35 22 40 37 25 28 21 33 15 
11 30 7 16 27 20 14 6 36 2 8 34 
12 37 38 7 13 23 15 34 5 14 36 17 33 
11 24 32 6 18 2 35 26 13 15 37 39 
11 16 6 18 15 31 2 30 14 4 10 27 
11 34 28 32 25 7 19 33 4 39 16 12 
13 9 17 33 4 1 19 30 7 34 20 32 3 18 
11 3 31 8 23 22 30 27 7 21 19 37 
11 9 5 12 20 25 34 33 15 36 32 14 
11 12 18 24 30 27 11 33 20 26 17 25 
11 25 31 1 12 20 26 30 37 22 16 10 
12 7 39 18 25 5 34 10 31 33 9 6 26 
12 16 6 33 1 4 34 31 20 25 17 36 3 
11 12 2 20 13 21 17 30 15 10 28 24 
11 36 24 27 34 32 12 30 31 10 17 2 
11 39 27 35 8 24 1 23 5 29 38 31 
12 32 10 3 4 27 33 19 1 22 16 5 8 
12 28 14 24 20 3 5 12 6 16 11 35 37 
12 3 25 10 27 32 1 39 34 14 15 28 8 
11 37 36 21 38 6 19 10 31 15 17 8 
12 25 14 21 31 2 12 30 5 15 9 39 17 
12 3 36 9 33 31 5 14 28 10 32 27 7 
12 20 9 28 37 8 6 22 16 5 36 13 12 
11 2 3 40 32 25 11 17 8 34 7 14 
12 32 2 23 20 9 13 12 37 10 1 39 4 
11 6 13 21 14 18 35 22 39 26 12 33 
11 22 37 27 28 26 24 13 39 32 38 11 
11 40 25 16 1 4 26 6 38 29 28 22 
11 32 20 26 3 22 9 33 34 27 18 37 
11 5 11 22 33 26 40 7 12 13 27 23 
11 37 5 7 28 33 18 2 23 21 30 15 
12 9 40 27 13 5 4 16 14 18 3 30 26 
11 7 19 3 10 13 33 35 6 20 38 37 
11 17 23 8 36 37 35 27 34 25 9 31 
11 35 18 24 5 17 8 33 1 15 34 3 
12 22 11 7 35 27 20 9 39 15 31 19 2 
12 35 36 14 8 1 30 6 21 20 22 29 27 
