40 40
16 18 16 9 20 4 10 18 6 11 10 16 5 2 18 18 6 4 18 16 7 6 16 18 1 4 13 13 12 13 15 14 14 12 12 10 7 11 19 4 
24 34 25 27 24 38 33 2 1 31 10 16 5 35 15 30 28 26 14 17 29 9 7 4 6 
24 23 16 29 15 31 22 7 13 14 9 25 21 37 10 26 28 30 27 1 6 4 20 39 2 
24 9 25 13 14 3 40 1 34 4 31 23 22 26 28 8 5 38 37 36 7 12 2 39 33 
23 4 32 31 22 40 13 28 19 18 34 7 38 14 36 39 27 10 12 16 1 30 15 11 
24 35 3 14 20 25 21 23 28 16 30 4 15 9 39 37 38 11 36 10 33 40 31 19 8 
24 32 9 37 6 25 8 35 1 23 3 10 22 4 16 12 14 11 27 20 15 2 19 17 18 
24 19 26 39 13 1 23 11 33 14 40 28 9 36 25 7 2 30 5 22 10 24 6 34 27 
23 5 24 16 36 27 4 34 35 7 21 26 9 13 15 11 31 12 38 33 22 1 20 37 
23 5 15 10 23 2 39 36 12 25 11 38 7 27 9 6 35 14 28 16 21 8 30 34 
24 21 9 27 4 14 2 13 10 34 6 26 36 38 24 8 3 11 16 25 35 22 17 15 23 
24 38 10 12 36 32 29 8 7 24 6 4 33 35 11 18 17 3 40 20 15 13 23 19 30 
23 6 11 31 28 33 29 18 17 22 15 2 25 35 39 16 38 3 7 12 8 20 19 1 
24 3 2 39 16 15 8 4 22 6 13 1 36 27 30 40 33 14 11 7 9 25 20 5 18 
24 8 38 7 2 15 20 16 22 26 35 33 9 24 13 12 28 36 5 14 25 6 34 21 30 
24 20 22 27 7 5 24 23 3 39 29 31 34 14 6 19 11 25 38 10 21 13 17 15 26 
24 40 24 28 5 15 34 38 12 36 13 17 7 33 19 16 4 22 11 35 2 39 9 37 30 
23 24 39 3 36 35 4 8 14 33 19 15 18 40 31 5 12 6 16 25 17 38 13 7 
23 9 21 27 22 18 11 25 17 15 13 35 10 33 40 36 38 20 24 32 23 7 34 29 
23 17 21 36 7 28 38 22 26 18 16 24 13 37 9 23 29 35 30 15 10 3 34 31 
24 29 38 19 10 26 8 27 31 40 1 14 2 28 6 33 18 22 35 15 4 25 34 12 39 
24 13 12 30 8 32 33 23 17 1 9 6 18 37 19 10 28 16 26 27 24 22 15 39 11 
24 22 32 4 14 36 12 33 9 18 26 23 19 29 1 38 40 7 20 10 28 8 16 3 15 
24 27 24 32 10 22 11 17 12 5 1 38 8 25 2 18 23 4 34 14 30 3 7 16 37 
24 38 28 17 1 33 34 40 10 16 26 4 39 14 13 32 8 5 7 20 3 15 35 11 21 
24 13 2 4 14 36 27 12 18 37 21 25 40 16 30 33 17 26 11 7 19 35 23 34 32 
23 8 40 15 36 3 38 14 10 28 19 16 37 24 6 12 27 32 9 4 23 26 35 11 
24 7 33 39 28 35 19 17 36 8 3 12 13 22 20 24 34 32 1 16 27 21 4 31 30 
23 38 40 14 19 35 9 33 1 23 11 13 3 17 25 12 20 4 32 16 37 7 18 8 
23 20 26 6 31 15 37 39 18 12 5 14 25 2 3 11 9 32 22 33 35 23 21 28 
23 35 36 23 20 19 31 13 24 16 14 6 26 21 10 22 8 29 38 9 39 32 3 27 
23 5 24 22 2 8 15 9 32 30 27 16 12 25 35 13 38 1 39 34 6 28 26 7 
24 9 15 4 2 17 24 3 33 25 20 29 8 30 26 36 11 18 10 16 27 39 40 6 31 
24 23 40 31 33 26 25 20 19 17 16 13 34 6 39 5 27 35 14 4 28 38 8 10 9 
24 22 11 2 21 13 15 36 10 23 19 30 17 7 39 24 38 40 29 14 20 27 9 3 37 
24 18 31 12 28 2 22 8 36 23 35 7 13 40 30 1 27 11 25 19 5 29 9 6 33 
24 17 3 26 34 35 13 40 24 28 2 29 10 12 5 25 31 22 37 6 33 7 15 1 19 
24 32 25 37 13 40 8 14 18 2 24 35 20 38 30 5 34 15 33 1 23 16 3 31 9 
24 3 6 37 9 7 29 31 34 19 1 20 33 24 13 5 14 15 8 32 10 23 17 12 18 
24 13 36 10 20 22 9 32 2 8 40 27 23 25 38 19 17 35 4 15 24 34 6 11 37 
24 7 31 27 18 10 33 30 40 6 34 1 12 32 38 23 2 20 35 14 36 4 37 28 17 
